function  NEU= retornar_NEU()
NEU=[
       1, 20.0000000000000000, 1;
       7, 20.0000000000000000, 3;
       8, 20.0000000000000000, 1;
      14, 20.0000000000000000, 3;
      15, 20.0000000000000000, 1;
      21, 20.0000000000000000, 3;
      22, 20.0000000000000000, 1;
      28, 20.0000000000000000, 3;
      29, 20.0000000000000000, 1;
      35, 20.0000000000000000, 3;
      36, 20.0000000000000000, 1;
      42, 20.0000000000000000, 3;
      43, 20.0000000000000000, 1;
      43, 20.0000000000000000, 2;
      44, 20.0000000000000000, 2;
      45, 20.0000000000000000, 2;
      46, 20.0000000000000000, 2;
      47, 20.0000000000000000, 2;
      48, 20.0000000000000000, 2;
      49, 20.0000000000000000, 2;
      49, 20.0000000000000000, 3;
];
