function  K= retornar_K()
K=[
    1.0000000000000000;
    1.0000000000000000;
    1.0000000000000000;
    1.0000000000000000;
    1.0000000000000000;
    1.0000000000000000;
    1.0000000000000000;
    1.0000000000000000;
    1.0000000000000000;
    1.0000000000000000;
    1.0000000000000000;
    1.0000000000000000;
    1.0000000000000000;
    1.0000000000000000;
    1.0000000000000000;
    1.0000000000000000;
    1.0000000000000000;
    1.0000000000000000;
    1.0000000000000000;
    1.0000000000000000;
    1.0000000000000000;
    1.0000000000000000;
    1.0000000000000000;
    1.0000000000000000;
    1.0000000000000000;
    1.0000000000000000;
    1.0000000000000000;
    1.0000000000000000;
    1.0000000000000000;
    1.0000000000000000;
    1.0000000000000000;
    1.0000000000000000;
    1.0000000000000000;
    1.0000000000000000;
    1.0000000000000000;
    1.0000000000000000;
    1.0000000000000000;
    1.0000000000000000;
    1.0000000000000000;
    1.0000000000000000;
    1.0000000000000000;
    1.0000000000000000;
    1.0000000000000000;
    1.0000000000000000;
    1.0000000000000000;
    1.0000000000000000;
    1.0000000000000000;
    1.0000000000000000;
    1.0000000000000000;
];
