function  icone= retornar_icone()
 icone = [
       1,      8,      9,      2;
       2,      9,     10,      3;
       3,     10,     11,      4;
       4,     11,     12,      5;
       5,     12,     13,      6;
       6,     13,     14,      7;
       8,     15,     16,      9;
       9,     16,     17,     10;
      10,     17,     18,     11;
      11,     18,     19,     12;
      12,     19,     20,     13;
      13,     20,     21,     14;
      15,     22,     23,     16;
      16,     23,     24,     17;
      17,     24,     25,     18;
      18,     25,     26,     19;
      19,     26,     27,     20;
      20,     27,     28,     21;
      22,     29,     30,     23;
      23,     30,     31,     24;
      24,     31,     32,     25;
      25,     32,     33,     26;
      26,     33,     34,     27;
      27,     34,     35,     28;
      29,     36,     37,     30;
      30,     37,     38,     31;
      31,     38,     39,     32;
      32,     39,     40,     33;
      33,     40,     41,     34;
      34,     41,     42,     35;
      36,     43,     44,     37;
      37,     44,     45,     38;
      38,     45,     46,     39;
      39,     46,     47,     40;
      40,     47,     48,     41;
      41,     48,     49,     42;
];
