function  G= retornar_G()
    G=[
    1.0000000000000000;
    1.0000000000000000;
    1.0000000000000000;
    1.0000000000000000;
    1.0000000000000000;
    1.0000000000000000;
    1.0000000000000000;
    1.0000000000000000;
    1.0000000000000000;
    1.0000000000000000;
    1.0000000000000000;
    1.0000000000000000;
    1.0000000000000000;
    1.0000000000000000;
    1.0000000000000000;
    1.0000000000000000;
    1.0000000000000000;
    1.0000000000000000;
    1.0000000000000000;
    1.0000000000000000;
    1.0000000000000000;
    1.0000000000000000;
    1.0000000000000000;
    1.0000000000000000;
    1.0000000000000000;
    1.0000000000000000;
    1.0000000000000000;
    1.0000000000000000;
    1.0000000000000000;
    1.0000000000000000;
    1.0000000000000000;
    1.0000000000000000;
    1.0000000000000000;
    1.0000000000000000;
    1.0000000000000000;
    1.0000000000000000;
    1.0000000000000000;
    1.0000000000000000;
    1.0000000000000000;
    1.0000000000000000;
    1.0000000000000000;
    1.0000000000000000;
    1.0000000000000000;
    1.0000000000000000;
    1.0000000000000000;
    1.0000000000000000;
    1.0000000000000000;
    1.0000000000000000;
    1.0000000000000000;
];
