function  C= retornar_C()
C=[
    1.0000000000000000;
    1.0000000000000000;
    1.0000000000000000;
    1.0000000000000000;
    1.0000000000000000;
    1.0000000000000000;
    1.0000000000000000;
    1.0000000000000000;
    1.0000000000000000;
    1.0000000000000000;
    1.0000000000000000;
    1.0000000000000000;
    1.0000000000000000;
    1.0000000000000000;
    1.0000000000000000;
    1.0000000000000000;
    1.0000000000000000;
    1.0000000000000000;
    1.0000000000000000;
    1.0000000000000000;
    1.0000000000000000;
    1.0000000000000000;
    1.0000000000000000;
    1.0000000000000000;
    1.0000000000000000;
    1.0000000000000000;
    1.0000000000000000;
    1.0000000000000000;
    1.0000000000000000;
    1.0000000000000000;
    1.0000000000000000;
    1.0000000000000000;
    1.0000000000000000;
    1.0000000000000000;
    1.0000000000000000;
    1.0000000000000000;
    1.0000000000000000;
    1.0000000000000000;
    1.0000000000000000;
    1.0000000000000000;
    1.0000000000000000;
    1.0000000000000000;
    1.0000000000000000;
    1.0000000000000000;
    1.0000000000000000;
    1.0000000000000000;
    1.0000000000000000;
    1.0000000000000000;
    1.0000000000000000;
];
