function  DIR= retornar_DIR()
DIR=[
       1, 20.0000000000000000;
       2, 20.0000000000000000;
       3, 20.0000000000000000;
       4, 20.0000000000000000;
       5, 20.0000000000000000;
       6, 20.0000000000000000;
       7, 20.0000000000000000;
];
